295845
867187
181237
376315
584317
676677
722351
696807
509074
590039
149916
53789
736828
269708
741148
291244
382372
687334
158329
716661
909797
723098
861278
986325
773224
894934
892030
945840
794441
863383
615708
57981
45012
138702
430461
12250
399836
239560
453284
745595
26133
303006
281871
688601
705661
62361
87174
408835
924538
122391
18913
461278
351334
868579
459297
948892
892718
633414
139739
987165
370226
697227
499264
761009
542019
127091
468671
268665
185033
443174
475122
43145
474494
887491
658852
810005
373190
95900
207067
783469
886071
795483
919167
191198
815063
808798
210850
318762
52428
226810
555932
412091
247058
378250
969178
309297
948045
277878
164769
360964
265113
229722
61441
19104
976788
821490
290687
719477
28699
824518
167192
923871
470630
458889
240238
576634
637396
906855
271283
581219
803825
653811
888711
81732
130986
827036
989361
163481
407742
433810
35147
720697
659732
14757
772932
238465
856770
364514
639636
737363
719782
167472
848422
288506
254580
618392
992962
675723
752121
263124
478156
561781
757197
84419
549193
220684
716536
322514
39933
6423
532243
588996
589641
853349
276737
538673
542043
58070
192785
708676
828117
291212
450583
366288
624208
97590
261466
260334
468273
623989
425910
154319
507234
897719
510466
540457
579203
262521
934743
671003
90472
46663
626926
499973
566551
355842
332187
773054
683078
424360
931054
839130
321966
519797
874926
519822
188830
144801
97087
612299
33756
316848
411594
557353
300172
876629
152902
522096
947763
946025
829863
287939
24152
894032
289080
358050
122494
141732
484358
160387
511625
346646
155591
287751
506281
980880
955763
370030
134579
348821
406529
374815
916268
118116
286275
233031
399633
755703
915492
758663
42757
596671
281014
713611
874353
707324
525944
369887
881178
502020
641253
418793
669677
80325
877176
944479
296130
341578
330138
601542
574152
734690
951397
768898
385003
717775
910020
404870
462847
335630
258223
177309
150233
538597
567014
315433
379286
384783
771422
89722
679851
599594
126895
466447
547049
730475
419630
775223
805691
953505
156080
910977
207643
810888
985031
884078
995313
106893
783718
960501
458130
662507
286344
944680
259796
566140
297978
778695
539074
394723
561527
621695
427627
544950
579967
677508
557236
271589
597818
676904
512603
737403
263240
661025
487571
8105
772785
375852
48672
470121
478309
209320
620250
327350
621058
293026
799124
154014
899442
360030
252597
729391
140297
549808
942305
652929
932324
274829
410253
503176
590117
731450
557472
33412
474935
249968
906647
